19:33:10.541 -95 ( 17): invalid: 498072000000000000000000000000000000000000000000 expected_crc=8e
916.500, 5, 5, rssi:-99.0
916.520, 5, 5, rssi:-99.0
916.540, 5, 5, rssi:-99.0
916.560, 5, 5, rssi:-99.0
916.580, 5, 5, rssi:-99.0
916.600, 5, 5, rssi:-99.0
916.620, 5, 5, rssi:-99.0
916.640, 5, 5, rssi:-99.0
916.660, 5, 5, rssi:-99.0
916.680, 5, 5, rssi:-99.0
916.700, 5, 5, rssi:-99.0
916.720, 5, 5, rssi:-99.0
916.740, 5, 5, rssi:-99.0
916.760, 5, 5, rssi:-99.0
916.780, 5, 5, rssi:-99.0
916.800, 5, 5, rssi:-99.0
916.820, 5, 5, rssi:-99.0
916.840, 4, 5, rssi:-99.0
916.860, 3, 5, rssi:-99.0
916.880, 4, 5, rssi:-99.0
916.900, 5, 5, rssi:-99.0
